10188
10406
131257
131264
131408
133228
133465
136152
136159
136176
136179
136203
136206
136213
136215
136219
136220
136223
136225
136227
136228
136229
136231
136232
136234
136236
136237
136240
136242
136245
136248
136249
136272
136404
136419
136424
136508
136708
140334
140335
140641
140735
141206
141304
141881
141882
141883
142090
142228
142316
142317
142318
142319
142320
142355
142366
142915
142921
142922
142965
144011
145268
145269
145270
145271
145272
145273
145274
145355
145357
145614
145655
145711
145712
145791
145799
145813
146151
146152
146153
146266
146267
146268
146893
147679
147681
147879
147891
147892
148630
148633
149036
149140
149141
149142
149143
149144
149145
149208
149570
149670
149673
151406
152202
152207
152232
152262
152263
152915
152916
152917
153332
153333
153682
153875
153887
154448
154449
154450
154454
154465
154598
154601
154602
154603
154606
154608
154609
154618
155628
155629
155632
155634
155635
155636
155637
155639
155640
155642
155643
155658
155659
155660
155661
155662
155665
155666
155667
155668
155883
155884
155885
156040
156373
156374
156375
156376
156377
156378
156379
160165
160685
160686
170646
170650
170882
171451
180157
180158
180159
180160
180168
20087
20088
20123
20134
20135
20136
20137
210156
210158
240341
240402
240506
240551
240552
240575
240687
240689
240729
240790
240791
240802
240803
240806
240813
240895
240937
240950
240951
240957
240959
241002
241003
241008
241033
241056
241068
241088
241090
241092
241093
241097
241129
241130
241136
241138
241144
241148
241149
241150
241303
241316
241372
241373
241374
241375
241382
241385
241391
241494
241495
241535
241540
241598
241626
241634
241635
241636
241641
241643
241645
241646
241647
241704
241707
241709
241711
241713
241714
241715
241734
241735
241958
242005
242025
242115
242116
242285
242328
242351
242352
242353
242354
242397
242403
242432
242435
242437
242439
242440
242463
242489
242490
242494
242495
242496
242556
242644
242645
242647
242684
242687
242731
242751
242879
242880
242890
242891
243271
243274
243278
243286
243294
243295
243298
243301
243306
243322
243323
243330
243333
243336
243337
243449
243455
243456
243459
243460
243468
243469
243471
243498
243502
243503
243507
243508
243517
243588
243747
243913
243914
243915
243930
243931
243932
243933
243974
243976
243977
244008
244010
244014
244019
244188
244189
244207
244211
244229
244230
244234
244236
244237
244241
244242
244243
244247
244248
244284
244285
244286
244287
244288
244290
244291
244334
244356
244359
244360
244466
244485
244488
244489
244490
244491
244492
244493
244495
244497
244498
244501
244502
244508
244509
244510
244515
244542
244544
244545
244546
244547
244549
244550
244557
244558
244559
244566
244568
244573
244574
244575
244576
244578
244579
244585
244586
244587
244589
244593
244671
244679
244680
244681
244701
244797
244921
244941
244954
244974
244994
244996
245065
245067
245069
245136
245137
245139
245148
245160
245253
245261
245264
245351
245352
245402
245403
245404
245405
245407
245408
245410
245415
245417
245418
245478
245490
245494
245547
245548
245583
245584
245625
245652
245662
245684
245690
245691
245692
245728
245736
245742
245743
245744
245751
245752
245754
245755
245756
245757
245758
245759
245760
245762
245763
245767
245768
245772
245774
245775
245777
245778
245782
245800
245801
245802
245807
245808
245909
245910
245914
245927
245928
245931
245932
245934
245937
245938
245939
245940
245941
246015
246019
246020
246021
246022
246024
246035
246036
246037
246039
246040
246043
246044
246081
246088
246101
246119
246120
246121
246124
246125
246127
246144
246145
246152
246154
246159
246163
246201
246223
246224
246232
246263
246279
246281
246282
246285
246312
246320
246321
246338
246351
246362
246367
246432
246435
246438
246439
246440
246441
246442
246479
246504
246612
246630
246631
246661
246665
246674
246675
246678
246681
246718
246788
246789
246819
246830
246833
246950
246958
246959
246960
246976
246989
247097
247100
247101
247104
247105
247121
247328
247330
247340
247341
247343
247425
247454
247466
247468
247491
247493
247514
247515
247586
247601
247605
247607
247670
247683
247694
247703
247730
247731
247742
247744
247746
247750
247751
247753
247804
247805
247806
247807
247881
247896
247907
247909
247911
247912
247914
247920
247921
247922
247923
247925
247933
247934
247936
247938
247942
247944
247964
247971
247974
247980
247994
247998
248000
248001
248084
248093
248096
248105
248137
248607
248618
249502
249856
249858
249862
249873
270518
270549
270708
271808
272220
272493
272496
275232
275842
276006
276009
276010
276041
276181
276182
276351
276408
276409
276845
276846
276847
276849
277088
277174
278760
278925
278926
279160
280027
280073
280082
280182
280197
281402
281575
281577
281603
281626
281634
281647
281648
281649
281650
281651
281652
281654
281655
281850
281851
282461
282722
282723
282725
282726
282727
282729
282731
282734
282735
282742
282743
282746
282759
282761
282766
282824
282847
282851
282875
282878
282906
283075
283078
283741
283744
283861
283863
283921
283922
283923
283926
283936
283938
284080
284723
284724
284727
284747
285115
285116
285119
285120
285123
285203
285205
285208
285751
285822
285851
285853
285855
285857
285862
285891
285892
285894
285896
286105
286106
286111
286116
286146
286161
286174
286175
286180
286187
286189
286190
286258
286263
286264
286265
286274
286275
286369
286371
286372
286377
286378
286383
286384
286385
286388
286396
286434
286435
286462
286464
286465
286470
286471
286480
286481
286482
286483
286484
286485
286506
286508
286511
286517
286523
286529
286530
286535
286548
286554
286555
286605
286608
286609
286985
286986
286989
287228
287231
287328
287330
287445
287489
287857
287867
287871
287874
287890
287898
288068
288087
288094
288321
288451
288471
288472
288808
288809
288810
288811
288812
288814
288815
288830
288843
288900
288902
289069
289070
289073
289082
289094
289182
289183
289184
289185
289188
289207
289210
289211
289212
289213
289629
289630
289634
289635
289636
289649
289650
289651
289908
30098
30099
30100
30251
30252
3051099
3051388
3051389
3051390
3051391
3051392
3051393
3051394
3051395
3053417
3054781
3056433
3056952
3057506
3057507
3057518
3057519
3057520
3057521
3057522
3057527
3059579
3060052
3060053
3060054
3060055
3060056
3060057
3060058
3060059
3060060
3060061
3060062
3060063
3060064
3060065
3060076
3060077
3060078
3060079
3060082
3060083
3060084
3060085
3060086
3060087
3060088
3060089
3064804
3064806
3064807
3064809
3064810
3064812
3067050
3068557
3068708
3068764
3068854
3070765
3071675
3071676
3071685
3071687
3072442
3073000
3073515
3073524
3077360
3079586
3079666
3081612
3081613
3081615
3081623
3081626
3082018
3082027
3083776
3083778
3087188
3087189
3087190
3087191
3095716
3095717
3096490
3099031
3100114
3100179
3100199
3100214
3100219
3100244
310072
310073
3100743
3100779
310091
310092
310249
310250
310251
310253
310255
310259
310260
310261
310262
310263
310264
310265
310284
310317
310322
310466
310534
310536
310541
3106440
3108066
3114550
3114552
3114553
3114555
3114558
3114560
3114561
3114563
3114564
311828
311884
311887
311893
311894
311895
3120348
3120349
3120463
312136
312156
312164
312165
312173
312174
312188
312189
312191
312193
312266
312267
312276
312422
312458
312461
313086
313093
313099
313362
313635
313636
3138026
3138056
3138073
3138079
3138080
3138081
3138086
3138091
3138093
3138098
3138117
3138129
3138133
3138151
313930
313934
313939
313940
313991
313993
313995
313996
3143629
3144027
3144028
314813
314816
314817
314819
315089
3154236
3154237
315445
315463
315536
3155472
3155473
315614
315639
315640
315641
315844
315845
315857
315939
315940
315941
315942
315943
316068
316071
316072
316151
316152
316178
316186
316263
316472
316505
316541
316542
316625
316629
316631
316828
316872
316873
316882
317773
318145
318304
318307
318312
318550
3186934
3187295
3187735
3188012
3188016
318819
318821
318823
318824
318825
318826
318827
318828
318831
318832
318833
318834
319149
319152
319163
319187
319188
319198
319199
319349
319350
319351
319352
319353
319361
319424
319438
319439
319440
319443
319689
319698
319706
319707
319708
319709
319718
319977
3200615
3200750
3200751
3200752
3200754
3200755
3200756
3200758
3200759
3200760
320226
320250
320251
320260
320261
320377
320380
320384
320385
320468
320470
320472
320474
320486
320552
3206331
320640
320662
320664
320807
320811
320821
320822
320823
320920
3209307
3209433
320946
321044
321084
321085
321086
321087
321091
321105
321106
321107
321108
321109
321110
321111
321112
321113
321114
3214835
3214836
3214837
321505
3215225
3215226
3215227
321550
321571
3216033
3216034
3216035
3216036
3216037
321612
3216160
321650
321667
3217118
321713
321790
321791
321792
321805
321807
321808
321950
321960
322665
322667
322670
322676
322678
322680
322684
322784
323136
323140
323143
323144
323145
323146
323149
323150
323408
323485
323489
323492
323493
323494
323496
323497
323500
323501
323502
323503
323505
323506
323508
323509
323510
323511
323512
323513
323515
323519
323522
323523
323526
323529
323536
323540
323541
323543
323555
323556
323574
323575
323580
323588
323589
323595
323596
323597
323599
323600
323607
323714
323736
323737
323738
323997
324000
324748
325162
325163
325165
325172
325186
325237
325278
325295
325427
325428
325542
325543
325544
325545
325546
325920
326173
326174
326182
326744
327324
327434
327435
3278520
3278521
3278530
3279977
3279978
3279979
3279980
3279981
3279982
3279983
3279984
3279985
3279986
3279987
3279988
3279989
3279990
3279991
328276
328284
328303
328304
328307
328312
3283693
3283697
3283702
3283703
3283710
3283711
3286746
3286916
3294912
3295254
329764
3302058
3302059
3302060
3302061
3302062
3302070
3302144
3302145
3302147
3302148
3302149
3302162
3302163
3306005
3306007
3306008
3306014
3306015
3306019
3306020
3306022
3306023
3306024
3306026
3306028
3306029
3306096
3306097
3306098
3306099
3306100
3306101
3306103
3306105
3306106
3306107
3306110
3306111
3306113
3306114
3306115
3306116
3306117
3306118
3306119
3306120
3306121
3306122
3306128
3307654
3307655
3307656
3307679
3307680
3309992
3309993
3309998
3309999
3310016
3310017
3310022
331433
3321524
3321525
3321526
3324229
3324230
3324231
3324232
3324233
3324234
3324235
3324919
3324946
3324948
3324950
3328259
3328569
3328570
3329139
3329213
332930
3329301
3329302
3329498
3329512
3329631
3329632
3329633
3329634
3329635
3329636
3329637
3329639
3329640
3329641
3329642
3329781
3329782
3329783
3329784
3329785
3329786
3329913
3329914
3329921
3329922
3329935
3329936
3330201
3330202
3330223
3330224
3330493
3330494
3330503
3330504
3330853
3330854
3330873
3330874
3332502
3332587
3333048
3333049
3333057
3333060
3333067
3334635
3345114
3345116
3345120
3345121
3345122
3345125
3345127
3345128
3345130
3345131
3345132
3345136
3345143
3345145
3345146
3345147
3345148
3345149
3345150
335864
336128
3365617
337071
337076
337253
337843
337905
337907
337909
337991
338032
338033
338242
338243
338535
3392645
339294
339508
340738
340742
340744
340747
340748
340752
340753
340766
340768
340769
340981
340982
340983
340984
340985
340987
340988
341742
341746
341747
341754
342210
343114
343291
344369
344370
344372
344373
344375
344378
344379
344380
344382
344387
344480
346560
346588
346610
346657
348070
348071
348074
348078
348528
350343
350349
350350
350351
350353
350358
350359
350360
350367
350368
350369
350370
350371
351579
351601
351612
351617
351618
351619
351621
351622
351623
351625
351648
351650
351757
351792
352017
352025
352026
352033
352038
352039
352042
352051
352053
352055
352057
352061
352065
352461
352462
352774
352781
352783
352998
352999
353000
353001
353002
353003
353004
353332
353333
353334
353955
354983
355183
355184
355186
355821
355842
355843
355844
356250
356784
356787
356788
356791
356795
356796
356798
356799
356800
356801
356804
356805
356808
356974
357813
357814
357815
357816
357817
357819
357820
357821
357822
357823
357824
357826
357829
357836
357878
357883
357894
357897
357899
357901
357902
357903
357905
357910
357912
357927
357930
357931
357932
357935
357936
357992
358220
358221
358222
358223
358224
358234
358242
358243
358477
358478
358502
358503
358525
358526
358527
358528
358529
358530
358536
358562
358565
358574
358578
358579
358581
358912
358913
358914
358915
358916
359602
360044
360058
360060
360061
360062
362229
362230
362233
362235
362450
362451
362461
362464
362465
363112
363113
363114
363334
363335
363336
363337
363338
364106
364107
364125
364126
364127
364129
364154
364175
364227
364281
364361
364362
364363
364747
364827
364850
364895
365636
365637
365847
365857
365879
366372
366373
366452
366454
366455
366513
367619
368031
368032
368033
368040
368041
368043
368674
368677
370162
370163
370164
370165
370166
370167
370169
370170
370177
370178
370179
370180
370181
370182
370183
370184
370185
370186
370187
370188
370189
370190
370191
370192
370193
370194
370195
370196
370197
370198
370199
370200
370201
370202
370203
370204
370205
370207
370208
370209
370210
370211
370212
370214
370215
370216
370217
370218
370220
370221
372716
372717
372724
372730
372731
372732
372733
372735
372737
372743
372746
372752
373365
373369
373371
373602
373621
374105
376044
376047
376066
376071
377597
377598
377599
377600
4002765
4002790
4002827
4003367
4003370
4003378
4003381
4003383
4003384
4005276
4005653
4005654
4005657
4005658
4005659
4005660
4005661
4005662
4005665
4005666
4005667
4005668
4005669
4005670
4005671
4005672
4005674
4005675
4005676
4005677
4005678
4005679
4005680
4005683
4005686
4005749
4007408
4007435
4007436
4007437
4007438
4007439
4007440
4007441
4007455
4007456
4007457
4007458
4007459
4007460
4007461
4007462
4007475
4007476
4007477
4007478
4007479
4007480
4007481
4007482
4007483
4007484
4007485
4007486
4007487
4007488
4007489
4007490
4008104
4008105
4008106
4008107
4008108
4008111
4008112
4008204
4008205
4008206
4008398
4008406
4008409
4008410
4008424
4008426
4008428
4008568
4008569
4008570
4008571
4008572
4008573
4008581
4008582
4008593
4008594
4008915
4008916
4008917
4008918
4008919
4008920
4008925
4008961
4009271
4009307
4009311
4009313
4009314
4009315
4009903
4010325
4013400
4013402
4013403
4013404
4013405
4013408
4013457
4013465
4013466
4013467
4016383
4016384
4016386
4016387
4016389
4016390
4016392
4016485
4016486
4016498
4016502
4016503
4016504
4016505
4016506
4016507
4016508
4016509
4016510
4016511
4016522
4016525
4016527
4016528
4016568
4017561
4017569
4017570
4017571
4017648
4017649
4017650
4017651
4017652
4017653
4017656
4017657
4017658
4017659
4017660
4017661
4017662
4017663
4017664
4017665
4017666
4017667
4017672
4017673
4017674
4017675
4017677
4017678
4017684
4017685
4017686
4017687
4017688
4017689
4017692
4017694
4017695
4017696
4017697
4017698
4017699
4017700
4017701
4017702
4017703
4017704
4017706
4017707
4017708
4017709
4017710
4017711
4017713
4017714
4017792
4017793
4017794
4017795
4017796
4017797
4017800
4017801
4017802
4017803
4017804
4017805
4017806
4017807
4017808
4017809
4017810
4017814
4017815
4017817
4017818
4017819
4017822
4017823
4018052
4018628
4018629
4018641
4018645
4018646
4018648
4018649
4018650
4018653
4018655
4018657
4018659
4018676
4018677
4018679
4018680
4018682
4018686
4019489
4019617
4019625
4019626
4019649
40247
40248
40249
40254
40269
40369
40392
40448
40449
40519
40527
40530
40531
40538
40539
40540
40541
40543
40545
40585
40617
40618
40619
40620
40713
40714
40776
40777
40778
40779
40784
40791
40829
40847
40912
40913
4100600
4100621
41013
4102371
4102372
4103456
4103881
4103891
4104604
4106451
4108072
4108073
4108074
4108221
4108269
4108510
41097
41098
41101
41103
41161
41168
41179
41193
41290
41293
41294
41302
41369
41449
41455
41492
41493
41494
41495
41497
41499
41502
41503
41504
41507
41545
41597
41611
41622
41650
41717
41741
41742
41770
41806
41892
41894
42006933
42012357
42012364
42012378
42012698
42017951
42018967
42019412
42020070
42020084
42021186
42029844
42046645
42046654
42072
42100
42102
42138
42158
42159
42160
42161
42162
42163
42169
42178
42179
42180
42207
42233
42243
42246
42247
42248
42251
42352
42353
42538
42611
42649
42654
42702
42725
42727
42732
42745
42753
42814
42815
42835
42866
42889
42890
42911
42997
43000
43048
43055
43133
43216
43245
43253
43314
43317
43318
43691
43712
43715
43736
43791
43792
43793
43794
43805
43806
43807
43937
43951
43986
43990
43994
44007
44013
44019
44020
44036
44037
44067
44074
44117
44118
44132
44161
44229
44236
44239
44240
44249
44251
44252
44279
44280
44351
44352
44353
44354
44391
44394
44431
44432
44448
44455
44456
44553
44561
44661
44668
44720
44721
44724
44727
44734
44736
44737
44744
44767
44992
45121
45210
45453
45454
45455
45456
45458
45532
45597
45647
45652
45697
45909
45912
45932
45933
45939
45959
45990
46003
46005
46047
46094
46115
46181
46182
46224
46341
46343
46458
46465
46466
46508
46509
46511
46530
46561
46574
46575
46610
46611
46613
46614
46647
46649
46748
46752
46754
46755
46805
46806
46808
46809
46810
46811
46812
46813
46913
46915
46918
47092
47093
47094
47095
47096
47097
47233
47236
47237
47238
47241
47242
47243
47244
47245
47246
47247
47248
47249
47250
47256
47296
47297
47407
47410
47678
47679
47683
47684
47690
47745
47752
47817
47818
47819
47847
47848
47850
47851
47852
47854
47856
47857
47935
47940
48011
48012
48016
48027
48039
48056
48057
48128
48143
48145
48147
48166
48167
48168
48193
48222
48223
48231
48566
48568
48601
48602
48612
48615
48654
48655
48703
48762
48773
48817
48829
48831
48833
48836
48860
48861
48862
48863
48864
48869
48871
48872
48873
48874
48996
48997
48998
48999
49115
49296
49360
49368
49382
49390
49405
49406
49425
49428
49496
49497
50022
50122
50123
50124
50125
50126
50127
50177
50206
50245
50300
50361
50450
50491
50621
50637
50643
50644
50645
50646
50647
50648
50653
50665
50740
50759
50770
50829
50830
50860
50868
50873
50918
50919
50920
50958
50959
50981
51037
51058
51679
51686
51687
51690
51691
51692
51721
51722
51724
51725
51728
51729
51730
51732
60336
60339
60348
60627
60628
60629
60630
60635
60639
60651
60797
800030
801272
80210
80211
802500
808389
809881
809905
809972
811907
811908
811910
811911
811913
812998
814389
814394
814559
815077
815164
815359
815371
815419
815440
815488
815866
817264
817265
817266
818654
820172
821492
821724
824475
824476
824477
824478
824479
824480
824482
824484
824487
824488
824491
824494
824496
824497
824498
824501
824502
824503
824504
824505
824507
824509
824510
824512
831575
834135
847298
847300
847313
847314
847315
847316
847318
847319
847320
847322
847354
847355
847358
847359
847360
847364
847365
847366
847367
847368
847369
847370
847372
847373
847374
847375
847377
847379
847382
847384
847385
847387
849638
849639
849674
849675
849679
849680
856032
856142
856251
856636
856876
856877
856942
857104
857107
857113
857116
857122
857204
857207
857210
857213
857216
857222
857225
857228
862001
862419
862563
862568
862578
862656
862766
862772
863084
864339
868041
868061
868218
90299
90348
90399
90402
90446
90504
90505
90506
90508
90509
90510
91169
91170
91171
91197
91230
91231
91719
91725
91733
91735
91738
91739
91740
91741
91743
91746
91747
91793
92246
92295
92309
92310
92311
92411
92799
92801
92802
92803
92804
92805
92806
93176
93177
93178
93180
93187
93708
93743
93808
94212